255
254
97
34
146
1
246
0
236
0
32
0
73
0
78
0
83
0
80
0
69
0
67
0
84
0
73
0
78
0
71
0
32
0
68
0
65
0
84
0
65
0
66
0
65
0
83
0
69
0
32
0
83
0
84
0
65
0
84
0
69
0
46
0
46
0
46
0
13
0
10
0
147
3
163
0
224
0
32
0
84
0
97
0
98
0
108
0
101
0
32
0
39
0
116
0
97
0
115
0
107
0
115
0
39
0
58
0
32
0
69
0
88
0
73
0
83
0
84
0
83
0
46
0
32
0
82
0
111
0
119
0
32
0
67
0
111
0
117
0
110
0
116
0
58
0
32
0
49
0
48
0
13
0
10
0
147
3
163
0
224
0
32
0
84
0
97
0
98
0
108
0
101
0
32
0
39
0
116
0
111
0
100
0
111
0
115
0
39
0
58
0
32
0
69
0
88
0
73
0
83
0
84
0
83
0
46
0
32
0
82
0
111
0
119
0
32
0
67
0
111
0
117
0
110
0
116
0
58
0
32
0
110
0
117
0
108
0
108
0
13
0
10
0
147
3
163
0
224
0
32
0
84
0
97
0
98
0
108
0
101
0
32
0
39
0
101
0
110
0
116
0
114
0
105
0
101
0
115
0
39
0
58
0
32
0
69
0
88
0
73
0
83
0
84
0
83
0
46
0
32
0
82
0
111
0
119
0
32
0
67
0
111
0
117
0
110
0
116
0
58
0
32
0
48
0
13
0
10
0
147
3
163
0
224
0
32
0
84
0
97
0
98
0
108
0
101
0
32
0
39
0
100
0
114
0
101
0
97
0
109
0
115
0
39
0
58
0
32
0
69
0
88
0
73
0
83
0
84
0
83
0
46
0
32
0
82
0
111
0
119
0
32
0
67
0
111
0
117
0
110
0
116
0
58
0
32
0
50
0
48
0
13
0
10
0
147
3
163
0
224
0
32
0
84
0
97
0
98
0
108
0
101
0
32
0
39
0
106
0
111
0
117
0
114
0
110
0
97
0
108
0
95
0
101
0
110
0
116
0
114
0
105
0
101
0
115
0
39
0
58
0
32
0
69
0
88
0
73
0
83
0
84
0
83
0
46
0
32
0
82
0
111
0
119
0
32
0
67
0
111
0
117
0
110
0
116
0
58
0
32
0
110
0
117
0
108
0
108
0
13
0
10
0
13
0
10
0
97
34
146
1
186
0
172
0
32
0
84
0
69
0
83
0
84
0
73
0
78
0
71
0
32
0
87
0
82
0
73
0
84
0
69
0
32
0
80
0
69
0
82
0
77
0
73
0
83
0
83
0
73
0
79
0
78
0
83
0
32
0
40
0
69
0
78
0
84
0
82
0
73
0
69
0
83
0
41
0
46
0
46
0
46
0
13
0
10
0
82
0
101
0
115
0
117
0
108
0
116
0
58
0
32
0
70
0
65
0
73
0
76
0
69
0
68
0
32
0
40
0
110
0
101
0
119
0
32
0
114
0
111
0
119
0
32
0
118
0
105
0
111
0
108
0
97
0
116
0
101
0
115
0
32
0
114
0
111
0
119
0
45
0
108
0
101
0
118
0
101
0
108
0
32
0
115
0
101
0
99
0
117
0
114
0
105
0
116
0
121
0
32
0
112
0
111
0
108
0
105
0
99
0
121
0
32
0
102
0
111
0
114
0
32
0
116
0
97
0
98
0
108
0
101
0
32
0
34
0
101
0
110
0
116
0
114
0
105
0
101
0
115
0
34
0
41
0
13
0
10
0
